ut,mean_altitude,surf_speed,g_force,aoa,sideslip,atmosphere_density,dynamic_pressure,aerodynamic_force,highest_skin_temp,highest_skin_temp_part,critical_skin_temp,critical_skin_temp_part,ablator
3632.3144042948957,76.53258636873215,0.0016765108576905555,0.9947938323020935,-7.881790637969971,2.6779234409332275,1.115485668182373,1.4760090607524035e-06,3.439442397241402e-05,310.24845294899245,"mk1pod.v2",309.8071685797157,"basicFin",0.0
3633.3944042948947,76.53268348495476,0.006025331261586085,0.9944570064544678,-45.7681884765625,30.021875381469727,1.1154881715774536,2.024868445005268e-05,0.0007699604792025868,310.2663144790421,"mk1pod.v2",309.809164318779,"basicFin",0.0
3634.334404294894,76.53266757843085,0.004106256601367638,0.9954083561897278,27.44398307800293,-35.99342346191406,1.115490436553955,9.404334377904888e-06,0.0003129813804539161,310.2784088868911,"mk1pod.v2",309.8106238366339,"basicFin",0.0
3635.174404294893,76.53258448059205,0.0021267052008489017,0.9950289130210876,-4.909642219543457,-9.938836097717285,1.1154924631118774,2.5226165689673508e-06,5.3490726455918666e-05,310.2872801838247,"mk1pod.v2",309.8117492308222,"basicFin",0.0
3636.194404294892,76.5325817639241,0.0017066528675660773,0.9947584271430969,-14.894572257995605,7.0964837074279785,1.115494966506958,1.624531023480813e-06,3.980031642324478e-05,310.29704525243056,"mk1pod.v2",309.8129175974692,"basicFin",0.0
3637.1944042948912,76.53258267452475,0.002120295454506085,0.9948595762252808,18.416170120239258,-5.305431365966797,1.115497350692749,2.5074443783523748e-06,4.755461954428086e-05,310.3043606246484,"mk1pod.v2",309.8138228804333,"basicFin",0.0
3638.1944042948903,76.53258206986357,0.0021191318964253374,0.9949257969856262,-0.5686877965927124,0.9200631976127625,1.11549973487854,2.5046986138477223e-06,3.835947509191949e-05,310.31104320285374,"mk1pod.v2",309.8145358392243,"basicFin",0.0
3639.1944042948894,76.53324399504345,0.03292521068832378,1.0023220777511597,-0.49771180748939514,0.698173999786377,1.1155022382736206,0.0006046409835107625,5.1345568070199506e-05,310.3156083290231,"mk1pod.v2",309.8151258455566,"basicFin",0.0
3640.1144042948886,78.2295409606304,4.050642147833672,1.5107758045196533,-0.006483925972133875,-0.10285744071006775,1.1152839660644531,9.14962387084961,18.635429688901763,310.73152829781975,"solidBooster.v2",309.82941602973057,"basicFin",0.0
3640.914404294888,83.15463578607887,8.157038704403337,1.5206193923950195,-0.005989787634462118,-0.11339607834815979,1.1146255731582642,37.08207702636719,77.468270767793,312.4320107249376,"solidBooster.v2",309.8788621069352,"basicFin",0.0
3641.694404294887,91.3948722362984,12.230988782423555,1.5298584699630737,-0.005045687779784203,-0.122557133436203,1.1135162115097046,84.7306900024414,178.46142019465992,314.54728362303604,"solidBooster.v2",309.9669715749147,"basicFin",0.0
3642.4544042948864,102.01934399595484,16.267815552419794,1.5385669469833374,-0.00406231451779604,-0.12907636165618896,1.112082600593567,147.15179443359375,311.0166002426748,316.8170853318155,"solidBooster.v2",310.09206805712694,"basicFin",0.0
3643.3544042948856,118.8987003172515,21.133961463070865,1.5490703582763672,-0.002979643177241087,-0.5861564874649048,1.109804630279541,247.84397888183594,538.9427457996018,319.6055162739407,"solidBooster.v2",310.28344126917864,"basicFin",0.0
3644.254404294885,140.19890612340532,26.088776076480297,1.5592628717422485,-0.002619580365717411,-1.6952872276306152,1.1069327592849731,376.70263671875,888.8774112158811,322.39908862115647,"solidBooster.v2",310.50600633921204,"basicFin",0.0
3645.214404294884,167.87283667223528,31.468366390195584,1.5700486898422241,-0.002275921171531081,-1.7594863176345825,1.1032087802886963,546.230712890625,1297.1726172965375,325.3178080183145,"solidBooster.v2",310.75499776814365,"basicFin",0.0
3646.174404294883,200.7408816779498,36.96445895778457,1.5811716318130493,-0.0013093198649585247,-1.1820662021636963,1.0987993478775024,750.6838989257812,1711.5197846602032,328.1369757371914,"solidBooster.v2",310.9927903055123,"basicFin",0.0
3647.134404294882,238.89169117121492,42.57883460522151,1.5920963287353516,2.877759288821835e-05,-0.5268715620040894,1.0937000513076782,991.4156494140625,2156.865818947449,330.8378400931154,"solidBooster.v2",311.1998429733444,"basicFin",0.0
3648.1544042948813,285.31858754507266,48.68073737965954,1.604284405708313,0.0016380702145397663,0.1303969770669937,1.0875236988067627,1288.6146240234375,2727.614650923504,333.5662732914972,"solidBooster.v2",311.3700979275412,"basicFin",0.0
3649.1544042948804,336.8347357722232,54.791206468788594,1.6150474548339844,0.0030056838877499104,0.5985909104347229,1.0805641412734985,1629.2830810546875,3556.863922375645,336.0970166728671,"solidBooster.v2",311.476534981445,"basicFin",0.0
3650.1944042948794,396.8162141275825,61.27637649362508,1.626265287399292,0.0035770295653492212,0.765783965587616,1.0728230476379395,2014.114990234375,4450.587970114687,338.5734607653886,"solidBooster.v2",311.51688472007373,"basicFin",0.0
3651.2144042948785,462.0819834830472,67.77456231956295,1.6380654573440552,0.003008647123351693,0.3232991397380829,1.064305067062378,2444.384765625,5238.485403260772,340.85089662396416,"solidBooster.v2",311.48333769255925,"basicFin",0.0
3652.2344042948775,533.7942054087762,74.42283966586145,1.6491191387176514,0.0012704149121418595,-0.3641224801540375,1.0550198554992676,2921.75048828125,6262.481276864768,342.9807339733625,"solidBooster.v2",311.3760072257418,"basicFin",0.0
3653.2744042948766,613.5767540601082,81.35056794628673,1.6606695652008057,-0.0001314981491304934,0.08653124421834946,1.0447801351547241,3457.133056640625,7291.8794475017485,345.00313279514876,"solidBooster.v2",311.1892984465197,"basicFin",0.0
3654.2544042948757,694.9793450986035,88.02047475897336,1.6697996854782104,5.598038114840165e-05,0.5201823115348816,1.0344303846359253,4007.178466796875,8675.777415248007,346.7763097118435,"solidBooster.v2",310.9422759318858,"basicFin",0.0
3655.254404294875,784.324262268492,94.9571268956006,1.6788650751113892,0.0033523000311106443,0.7522320747375488,1.0231828689575195,4612.9462890625,10141.650058931935,348.4573385226983,"solidBooster.v2",310.6213773598127,"basicFin",0.0
3656.274404294874,884.0113813354401,102.15218486233269,1.6851633787155151,0.016225041821599007,1.698257565498352,1.0107706785202026,5288.392578125,12384.712401663874,350.0499749651351,"solidBooster.v2",310.2238349945196,"basicFin",0.0
3657.314404294873,988.5482879390474,109.56130136626004,1.688908338546753,0.024898285046219826,2.694554328918457,0.997907817363739,5989.28271484375,14930.179937380706,351.54679547085806,"solidBooster.v2",309.7466744777869,"basicFin",0.0
3658.334404294872,1099.8670391460182,116.91059256069983,1.6958403587341309,0.027212852612137794,2.9412319660186768,0.9843807220458984,6727.30029296875,16917.534356122036,352.84848688861337,"solidBooster.v2",309.2023219135727,"basicFin",0.0
3659.334404294871,1218.0276700947434,124.22679633182962,1.7038055658340454,0.032162558287382126,3.1750755310058594,0.9702110290527344,7504.05810546875,18953.09767036332,353.97192174025366,"solidBooster.v2",308.5921985786373,"basicFin",0.0
3660.35440429487,1340.5750304908725,131.77258408049073,1.7095118761062622,0.03883279487490654,3.7319865226745605,0.9557173848152161,8297.544921875,21452.337479223905,354.98221550932425,"solidBooster.v2",307.8936710460286,"basicFin",0.0
3661.1544042948694,1443.4487097990932,137.73815709347718,1.7147632837295532,0.04288608953356743,3.9954874515533447,0.9437068700790405,8951.9091796875,23285.018772801886,355.68762995414244,"solidBooster.v2",307.29261719103556,"basicFin",0.0
3661.9144042948687,1545.2063471609727,143.4659488678675,1.7218217849731445,0.04537777602672577,4.046116352081299,0.9319648146629333,9591.0732421875,24767.33259986895,356.2754037877198,"solidBooster.v2",306.67611338086317,"basicFin",0.0
3662.934404294868,1690.8798416735372,151.40345542820367,1.7310000658035278,0.04812043905258179,4.211639404296875,0.915390133857727,10491.7470703125,26951.271178629748,356.89543122470303,"solidBooster.v2",305.7422600790941,"basicFin",0.0
3663.974404294867,1841.0559741498437,159.27755787197907,1.739540457725525,0.05162610486149788,4.485992431640625,0.8982531428337097,11416.265625,29363.921565907007,357.46086657843733,"solidBooster.v2",304.705495783193,"basicFin",0.0
3665.054404294866,2008.0769442029996,167.71717786340128,1.7497317790985107,0.054278526455163956,4.573915004730225,0.880232572555542,12380.0537109375,31518.233189311508,357.9549609376192,"solidBooster.v2",303.59160523060194,"basicFin",0.0
3666.074404294865,2173.5037226686254,175.80507846460267,1.7604002952575684,0.05602952092885971,4.649294376373291,0.8623890280723572,13327.11328125,33574.82773888557,358.3377462838346,"solidBooster.v2",302.43376271007423,"basicFin",0.0
3667.094404294864,2346.5181835320545,183.99734264983624,1.770995020866394,0.0598909854888916,4.784945011138916,0.8440765142440796,14288.1142578125,35771.04208633928,358.6078162828532,"solidBooster.v2",301.22165757234626,"basicFin",0.0
3668.034404294863,2512.795761392219,191.6417089263543,1.7815443277359009,0.0625484511256218,4.835447788238525,0.8268056511878967,15182.857421875,37647.39631118523,358.7588086569209,"solidBooster.v2",300.03691469047214,"basicFin",0.0
3669.0544042948623,2700.7659569892567,200.05290260416345,1.7940090894699097,0.06351221352815628,4.872475624084473,0.8072807192802429,16180.9990234375,39671.48064023179,358.8309274458942,"solidBooster.v2",298.6738375608788,"basicFin",0.0
3670.0944042948613,2900.6461854106747,208.75151800640765,1.8065077066421509,0.06573096662759781,4.938697814941406,0.7877308130264282,17163.548828125,41724.52197674504,358.80521507837506,"solidBooster.v2",297.20182529310125,"basicFin",0.0
3671.1144042948604,3104.9023617370985,217.40606679938324,1.8197239637374878,0.06768859922885895,4.96631383895874,0.767810046672821,18145.423828125,43674.856971661364,358.68149008604416,"solidBooster.v2",295.67448113879385,"basicFin",0.0
3672.1344042948595,3317.455710489885,226.1931238491512,1.8336694240570068,0.06924618035554886,4.983597278594971,0.7475439310073853,19123.41796875,45575.575191815595,358.53308087836183,"solidBooster.v2",294.07350450279927,"basicFin",0.0
3673.1744042948585,3542.888321465347,235.29153411748513,1.8487370014190674,0.07188192754983902,5.009380340576172,0.7261446714401245,20130.595703125,47544.72252705249,358.8119523490323,"solidBooster.v2",292.4596780902255,"basicFin",0.0
3674.1944042948576,3772.7164102415554,244.43897224202178,1.8762357234954834,0.06380738317966461,2.98537278175354,0.7056654095649719,21081.8984375,44009.8185251976,359.20357933390403,"solidBooster.v2",290.85825623987273,"basicFin",0.0
3675.2144042948566,4011.2801216540392,254.62368769986034,1.960146427154541,0.011811260133981705,-0.33831846714019775,0.6845184564590454,22189.767578125,38060.48416727689,359.56759222543394,"solidBooster.v2",289.2032622520691,"basicFin",0.0
3676.2344042948557,4258.565116290818,265.21321930525386,1.979827880859375,0.008954913355410099,0.42673465609550476,0.6631540060043335,23322.48046875,39745.35497819883,359.8634077703581,"solidBooster.v2",287.48150701824005,"basicFin",0.0
3677.254404294855,4514.759869635222,275.9073226461544,1.9811713695526123,0.041354987770318985,1.0203005075454712,0.6415972113609314,24420.74609375,43071.818323291955,360.6983902697964,"solidBooster.v2",286.3365410301859,"basicFin",0.0
3678.274404294854,4779.980769607006,286.788356888994,1.9985666275024414,0.02159181609749794,1.0592432022094727,0.6198785901069641,25491.751953125,44988.34448457611,365.36366866334544,"solidBooster.v2",289.7337622405853,"basicFin",0.0
3679.114404294853,5005.219942549709,295.7856971019483,1.9893547296524048,0.026474565267562866,1.5356744527816772,0.6018961668014526,26329.701171875,50220.012274810346,370.5237460849651,"solidBooster.v2",294.5474324563169,"basicFin",0.0
3680.154404294852,5292.546090913471,306.76033026325115,1.979583978652954,0.01372486725449562,0.6297175884246826,0.5795527100563049,27268.505859375,52577.76061080504,377.4229504056012,"solidBooster.v2",301.5115982440795,"basicFin",0.0
3681.1744042948512,5583.285706493305,317.86703742285204,1.9942824840545654,-0.02221927046775818,-0.582470178604126,0.5576010942459106,28169.85546875,56600.2018124298,384.44321091980805,"solidBooster.v2",308.8730706856304,"basicFin",0.0
3682.1944042948503,5882.650635096128,329.10302378072544,2.0141799449920654,0.010155608877539635,0.3878031373023987,0.5352345108985901,29024.30859375,58434.134991929604,385.3348922474394,"solidBooster.v2",313.2128982450077,"basicFin",0.0
3683.2144042948494,6190.809585649287,340.4070417556253,2.0113024711608887,0.019234128296375275,0.615380585193634,0.5137635469436646,29766.677734375,61991.389855881695,379.0249904117956,"solidBooster.v2",315.5819780787969,"basicFin",0.0
3684.1944042948485,6495.173034355976,351.3338365099658,2.0092973709106445,0.01228476595133543,1.045400857925415,0.49278566241264343,30413.61328125,66490.52856040302,388.77804922983773,"solidBooster.v2",318.24308692327645,"basicFin",0.0
3685.2144042948476,6827.036016121972,362.5656237655802,1.9874759912490845,0.023700091987848282,1.764907956123352,0.47062504291534424,30970.0625,72790.55428189551,392.8764659211185,"solidBooster.v2",320.9505612759987,"basicFin",0.0
3686.2144042948466,7148.13808807428,373.7328874329339,2.0354342460632324,0.012703049927949905,0.660768449306488,0.44986492395401,31417.728515625,66573.13584483301,386.0098938555603,"solidBooster.v2",323.34381755005796,"basicFin",0.0
3687.2544042948457,7498.108620794141,386.42952375731306,2.1043317317962646,-0.016027959063649178,-0.6133289337158203,0.4279744625091553,31954.236328125,66243.18653383871,401.4068295835292,"solidBooster.v2",325.48965388147457,"basicFin",0.0
3688.254404294845,7843.674390189466,399.11806527525744,2.161234140396118,0.0029949145391583443,0.42068082094192505,0.4070858359336853,32423.416015625,64528.36727281704,407.1417206260403,"solidBooster.v2",327.24903438413185,"basicFin",0.0
3689.274404294844,8205.828202696634,412.53743226362224,2.2096903324127197,0.007087741047143936,-0.12356197088956833,0.38594043254852295,32841.046875,62501.414536495104,411.03698070315215,"solidBooster.v2",328.77728579386644,"basicFin",0.0
3690.314404294843,8585.394374759751,426.79540084244474,2.256545305252075,-0.005422514863312244,-0.010808010585606098,0.36456847190856934,33203.859375,61154.36897713021,399.95220313461175,"solidBooster.v2",330.15997613644794,"basicFin",0.0
3691.354404294842,8975.753777263802,441.6573286431395,2.308375597000122,0.0007511387229897082,0.09915706515312195,0.34154608845710754,33311.1953125,59907.233799815316,401.28517502765646,"solidBooster.v2",331.43379108422477,"basicFin",0.0
3692.374404294841,9369.515821072855,456.8751277265391,2.3669755458831787,0.002710557309910655,-0.09946668148040771,0.31697019934654236,33081.37109375,57992.96922619307,403.8004682489552,"solidBooster.v2",332.6154545691752,"basicFin",0.0
3693.39440429484,9774.463914526044,472.76588090665683,2.4312620162963867,-0.0018660183995962143,0.09342943131923676,0.2931010127067566,32799.2734375,55638.837315947996,406.51601027505546,"solidBooster.v2",333.7521221302323,"basicFin",0.0
3694.414404294839,10191.084411737393,489.29501764705014,2.479627847671509,0.0007843974162824452,0.7494806051254272,0.2712680697441101,32472.08984375,56058.11009408646,427.0811813506452,"solidBooster.v2",334.8573205080209,"basicFin",0.0
3695.4344042948383,10628.39935142477,506.30020624119385,2.544200897216797,0.002608963055536151,0.32243844866752625,0.2496984750032425,32047.5859375,50990.0863468164,488.69972004103323,"solidBooster.v2",335.9795517629083,"basicFin",0.0
3696.4744042948373,11078.902923872462,524.6243979126612,2.6123361587524414,-0.0002667065418791026,1.2139694690704346,0.2292502075433731,31590.916015625,51986.26205702048,476.3075922391577,"solidBooster.v2",338.0622374205863,"basicFin",0.0
3697.5344042948363,11543.223029256565,543.6766071645544,2.6738147735595703,0.004751470871269703,0.5450157523155212,0.20990675687789917,31022.56640625,46047.45280224296,442.82197973310235,"solidBooster.v2",341.82641965698673,"basicFin",0.0
3698.5344042948354,12003.171024337527,562.3984141377858,2.63913893699646,-0.001200376427732408,-0.4563763439655304,0.1923353374004364,30417.0625,42983.46237899325,469.07496958296423,"solidBooster.v2",345.297223227751,"basicFin",0.0
3699.5344042948345,12468.288474340341,563.4215362289755,0.8916777968406677,-0.00023147652973420918,1.1050676107406616,0.17602303624153137,27938.712890625,41817.56303445878,462.44299761005584,"solidBooster.v2",347.5309317905399,"basicFin",0.0
3700.5144042948336,12923.807916176505,567.3542412439599,1.2896583080291748,-0.002469222992658615,0.11817265301942825,0.16136199235916138,25970.474609375,25983.893049278024,358.143959370385,"dockingPort3",347.1041417380081,"basicFin",0.0
3701.5344042948327,13398.935450624209,572.663351112618,1.321104884147644,0.17415212094783783,-0.09819383174180984,0.1473395973443985,24159.517578125,24176.373331060604,359.7914791151952,"dockingPort3",342.8563952246051,"basicFin",0.0
3702.5744042948318,13885.126108309836,578.4824750974524,1.3527276515960693,-0.17949043214321136,-0.5514611601829529,0.1342001110315323,22454.494140625,23177.5472311865,361.51768263156964,"dockingPort3",344.9474803007388,"basicFin",0.0
3703.614404294831,14373.25061080372,584.825368123108,1.3943098783493042,0.08157046884298325,0.6804816722869873,0.12213420867919922,20886.21484375,21411.902167796357,363.34154619387596,"dockingPort3",345.17094955935954,"basicFin",0.0
3704.61440429483,14844.950706975651,591.2481353978827,1.416929006576538,-0.02880263701081276,-1.668615460395813,0.11147172749042511,19483.828125,21143.978125334776,365.16736573380916,"dockingPort3",344.732227931803,"basicFin",0.0
3705.494404294829,15261.659920890583,597.1454788137498,1.4555166959762573,-0.045652370899915695,0.28676557540893555,0.10280965268611908,18330.072265625,18051.618030425492,366.90925073092154,"dockingPort3",343.32811161611164,"basicFin",0.0
3706.514404294828,15747.156028452911,604.3528633924163,1.47881281375885,0.04338992014527321,0.386886328458786,0.09354443848133087,17083.197265625,17006.89930550196,368.99149571294686,"dockingPort3",341.5435299530568,"basicFin",0.0
3707.5544042948272,16245.153275498422,612.1062759285418,1.508773922920227,-0.023479821160435677,-0.5331797003746033,0.08479708433151245,15885.6357421875,15888.936599114086,371.2527707541773,"dockingPort3",347.209504662722,"basicFin",0.0
3708.5344042948263,16717.162538182572,619.7425464234589,1.5382741689682007,0.005400490015745163,0.2614365518093109,0.07713054865598679,14812.1826171875,14510.187488350688,373.41853069107054,"dockingPort3",348.2171787724808,"basicFin",0.0
3709.5544042948254,17211.555263476912,627.9651315502201,1.5568461418151855,0.007658863440155983,-0.8793411254882812,0.06983664631843567,13769.6982421875,14011.011027022163,375.47266108151285,"dockingPort3",350.3835233800144,"basicFin",0.0
3710.5944042948245,17718.83102574048,636.6758169905514,1.5894207954406738,-0.05877130851149559,-0.0586281418800354,0.06307186931371689,12783.283203125,12264.888825876664,377.4034015481181,"dockingPort3",350.01692852816467,"basicFin",0.0
3711.6144042948235,18219.766626484692,645.5052559386671,1.6078451871871948,0.01845712773501873,-0.375262588262558,0.05704984813928604,11885.6806640625,11654.83511746532,379.31904924764405,"dockingPort3",346.6118635433851,"basicFin",0.0
3712.6344042948226,18724.183750409167,654.6652041402753,1.6350321769714355,0.010660798288881779,-0.16423381865024567,0.05159049108624458,11055.4951171875,10616.285925175278,381.1308709454275,"dockingPort3",353.0383915069926,"basicFin",0.0
3713.6544042948217,19232.273155328003,664.0924198872135,1.6552956104278564,-0.01993788592517376,-0.12340012937784195,0.04664786532521248,10286.291015625,9858.242938710417,383.04999857075575,"dockingPort3",356.36946884736057,"basicFin",0.0
3714.6744042948208,19744.151288096677,673.8050419219605,1.6764118671417236,0.017202863469719887,-0.5521898865699768,0.04217590019106865,9574.2080078125,9399.870775605137,384.96277014284607,"dockingPort3",357.54783633426104,"basicFin",0.0
3715.67440429482,20249.680899427854,683.5573472894539,1.6963260173797607,-0.007921160198748112,0.013308856636285782,0.03820345923304558,8925.2958984375,8428.931697286924,386.96745312318154,"dockingPort3",353.1880811856803,"basicFin",0.0
3716.714404294819,20779.51694762928,693.980333166642,1.7155834436416626,0.0011912973131984472,0.24591881036758423,0.034454017877578735,8296.677734375,7948.42738275191,388.9973550963761,"dockingPort3",358.6828830443052,"basicFin",0.0
3717.734404294818,21303.231950932648,703.6976762558994,1.5843374729156494,0.00364700797945261,-0.2964382767677307,0.03110489994287491,7701.42431640625,7382.568853159429,390.9340867995632,"dockingPort3",361.609257070634,"basicFin",0.0
3718.734404294817,21819.044107237016,710.7832936799127,1.383949875831604,-0.00496269017457962,0.1819019764661789,0.028113262727856636,7101.59130859375,6738.916619618327,392.42839570679405,"dockingPort3",363.2192611118944,"basicFin",0.0
3719.754404294816,22346.738471543416,718.0286241515048,1.3992209434509277,0.003005135804414749,0.009722030721604824,0.02534615248441696,6533.7958984375,6120.816041352648,393.5340347316008,"dockingPort3",364.3509008740685,"basicFin",0.0
3720.7544042948152,22865.649192304118,725.3372907780414,1.4133515357971191,0.000604214787017554,-0.10126432031393051,0.02289326675236225,6022.236328125,5666.570728398488,394.41896651104935,"dockingPort3",364.9724793435978,"basicFin",0.0
3721.7944042948143,23407.30547833466,734.3097622877327,1.5976293087005615,-0.001547261024825275,0.09134060144424438,0.020593982189893723,5552.2490234375,5209.047051570227,395.3242305879125,"dockingPort3",365.58007511140056,"basicFin",0.0
3722.8344042948133,23952.00854990096,744.0640500304635,1.6132676601409912,0.0018141595646739006,-0.03738334774971008,0.018527433276176453,5128.68359375,4783.0659395674165,396.4700132978151,"dockingPort3",366.3756782815622,"basicFin",0.0
3723.8544042948124,24489.300224075094,753.8397544199365,1.627874493598938,-0.000633758376352489,-0.004357457160949707,0.016707491129636765,4747.21923828125,4409.04805756899,397.7147285422209,"dockingPort3",367.25003553824104,"basicFin",0.0
3724.8744042948115,25029.692879805458,763.8186314435366,1.642122745513916,0.0007240550476126373,0.033564090728759766,0.015073337592184544,4397.03515625,4083.3407163094007,399.01923984192814,"dockingPort3",368.1902700003786,"basicFin",0.0
3725.9144042948105,25583.935312870657,774.19555654508,1.6557193994522095,0.0006894469261169434,0.38229209184646606,0.013578405603766441,4069.303955078125,3855.9223142477817,400.39488216535784,"dockingPort3",368.9868297207593,"basicFin",0.0
3726.9544042948096,26141.600312106777,784.7599784289777,1.669497013092041,0.0009157182648777962,0.08736946433782578,0.012187005952000618,3752.6728515625,3489.98429793294,401.9298544812609,"dockingPort3",359.3007139353105,"basicFin",0.0
3727.854404294809,26637.778043737984,794.0739201047049,1.6817748546600342,0.0009605190134607255,-0.3561215400695801,0.011057078838348389,3487.871337890625,3296.228232241727,403.1624080634497,"dockingPort3",365.4557928263998,"basicFin",0.0
3728.894404294808,27190.968120522215,805.0293233920538,1.696136713027954,0.0009330286411568522,0.2636583745479584,0.009916082955896854,3213.1689453125,3010.3040832073243,404.521616817463,"dockingPort3",368.28790666834715,"basicFin",0.0
3729.914404294807,27747.588357744273,815.9678319644449,1.7100263833999634,0.0009478876600041986,-0.07788334786891937,0.008883756585419178,2957.418212890625,2730.641223072095,406.0612424732717,"mk1pod.v2",370.8130598792452,"basicFin",0.0
3730.934404294806,28307.620611333405,827.0971464656978,1.723181962966919,0.0009292609756812453,-0.0497887022793293,0.00795440562069416,2720.763671875,2506.078149517439,408.4519210001384,"mk1pod.v2",372.24591579841297,"basicFin",0.0
3731.934404294805,28860.036047209753,838.1921955688964,1.7361043691635132,0.0009439535206183791,0.09969104826450348,0.007136340253055096,2506.875732421875,2312.962957701383,410.7521638486539,"mk1pod.v2",373.1048812246775,"basicFin",0.0
3732.974404294804,29438.170734380372,849.9207218650525,1.7495325803756714,0.0009162751375697553,-0.0703570768237114,0.006375802680850029,2302.8291015625,2116.906817793712,413.11037749571125,"mk1pod.v2",373.9726541783573,"basicFin",0.0
3733.994404294803,30008.787799495738,861.6095671613631,1.7625089883804321,0.0008849267032928765,0.0272199809551239,0.005711844190955162,2120.154052734375,1940.219085488471,415.3927631907414,"mk1pod.v2",374.774920311152,"basicFin",0.0
3735.0344042948022,30594.33846547734,873.7149712148446,1.7755043506622314,0.0009444098104722798,0.010050971992313862,0.00511058559641242,1950.6539306640625,1780.927234115745,417.6901325111968,"mk1pod.v2",375.47510741799067,"basicFin",0.0
3736.0544042948013,31172.349419259466,885.7699381886882,1.7881799936294556,0.0009241601801477373,-0.02237781509757042,0.0045874640345573425,1799.635498046875,1642.1344304354589,419.92991569607165,"mk1pod.v2",376.13628758880276,"basicFin",0.0
3737.0544042948004,31743.208984971163,899.7115066654201,2.0270438194274902,0.0008824841934256256,0.020123660564422607,0.004130809102207422,1671.9052734375,1522.6131244773953,422.237008611195,"mk1pod.v2",376.9742294965818,"basicFin",0.0
3738.0744042947995,32330.690131057752,914.4041315207845,2.04233717918396,0.0008745407685637474,-0.017172740772366524,0.003714347491040826,1552.8477783203125,1411.5207908420784,424.89740060767076,"mk1pod.v2",377.85442595681013,"basicFin",0.0
3739.0944042947986,32923.11993242218,924.5991239465337,0.8589790463447571,0.0009774027857929468,0.028329916298389435,0.0033405236899852753,1427.87939453125,1298.261298118508,427.693047286314,"mk1pod.v2",378.780236775571,"basicFin",0.0
3740.0944042947976,33501.351769280736,919.1108336532058,0.027999402955174446,0.0007884448859840631,-0.0028252098709344864,0.0030120383016765118,1272.2318115234375,1136.4976473370352,428.0513954510215,"mk1pod.v2",323.8877035819652,"RCSBlock",0.0
3741.1344042947967,34096.797065132065,925.640474028869,1.4178135395050049,0.0007832999108359218,0.011480036191642284,0.0027054338715970516,1159.021728515625,1035.0188128232382,426.69832272690786,"mk1pod.v2",327.67071963294416,"RCSBlock",0.0
3742.134404294796,34670.42240133241,934.2107035658371,1.4232748746871948,0.0006940442253835499,-2.342428207397461,0.002439468167722225,1064.5224609375,1019.3586883194062,425.1484724119244,"mk1pod.v2",333.18370382829113,"RCSBlock",0.0
3743.154404294795,35256.5168099344,943.0853261648074,1.4341611862182617,0.0008270444814115763,0.15240830183029175,0.0021952420938760042,976.2350463867188,875.1154617834192,423.1836365898957,"mk1pod.v2",330.3618223854463,"RCSBlock",0.0
3744.174404294794,35843.881273975014,952.1041303413373,1.4425392150878906,0.0008044651476666331,0.07475130259990692,0.001976112136617303,895.6751098632812,799.5909492616278,424.2150152473241,"mk1pod.v2",330.803967319495,"RCSBlock",0.0
3745.194404294793,36432.42380973941,961.1854603763743,1.4473142623901367,-0.5929815173149109,-6.719265937805176,0.0017800360219553113,822.267578125,901.5875135378437,420.09673596996464,"mk1pod.v2",338.0378637390559,"RCSBlock",0.0
3746.094404294792,36951.77830706921,969.2551484924245,1.4536393880844116,-0.4148308336734772,-6.7061238288879395,0.0016248177271336317,763.2220458984375,831.7284142727277,413.9131172994916,"mk1pod.v2",346.29245844867825,"RCSBlock",0.0
3747.1144042947913,37540.24852630973,978.5460566604481,1.4628853797912598,-0.3778664171695709,-5.112524509429932,0.0014672320103272796,702.4757690429688,733.6796648767103,413.7497118193959,"dockingPort3",331.3005216068724,"RCSBlock",0.0
3748.1144042947903,38117.1753799594,987.7587762187253,1.4690320491790771,-0.3994511365890503,-7.514257907867432,0.0013334655668586493,650.5093994140625,721.2898666267552,413.90574988964715,"dockingPort3",341.662325444715,"RCSBlock",0.0
3749.1344042947894,38705.20502614556,997.232458728839,1.4761691093444824,-0.39536312222480774,-8.923720359802246,0.0012169337132945657,605.1036376953125,691.6832658555765,414.3713070951727,"dockingPort3",346.3788559985124,"RCSBlock",0.0
3750.1544042947885,39292.43941483938,1006.7687958510357,1.483250617980957,-0.3862420916557312,-9.371953964233398,0.001112345838919282,563.7276000976562,652.6436445562497,414.87947916490714,"dockingPort3",346.4713391106707,"RCSBlock",0.0
3751.1744042947876,39878.7510020755,1016.4066589594856,1.4892926216125488,-0.3792971968650818,-11.997559547424316,0.0010181760881096125,525.9299926757812,638.558291398189,415.32498942557623,"dockingPort3",338.31391314428896,"RCSBlock",0.0
3752.1944042947866,40463.730236049276,1026.1743674047236,1.4985865354537964,-0.373948872089386,-10.638227462768555,0.0009329430176876485,491.2102966308594,579.2151748358473,415.5650774073169,"dockingPort3",334.76396000269716,"RCSBlock",0.0
3753.2144042947857,41047.49059261044,1036.0976152332935,1.5069817304611206,-0.3680880665779114,-8.655781745910645,0.0008550923084840178,458.9700622558594,519.9864920402805,415.8008180744856,"dockingPort3",328.74075445342436,"RCSBlock",0.0
3754.234404294785,41630.58750046103,1046.380765530798,1.5162056684494019,-0.3623788058757782,-6.830126762390137,0.0007878683973103762,431.3235778808594,462.46963447593515,414.7991035391545,"dockingPort3",329.520866945982,"RCSBlock",0.0
3755.134404294784,42144.95805055706,1055.5168522177605,1.5229524374008179,-0.3571222424507141,-6.2589430809021,0.0007322538294829428,407.9078063964844,433.7241738874169,414.6897745402352,"dockingPort3",329.74573570838777,"RCSBlock",0.0
3756.154404294783,42727.897910635336,1066.073138113785,1.5296804904937744,-0.3390723168849945,-7.083119869232178,0.0006727268919348717,382.2810974121094,412.3478620283051,414.3133320648976,"dockingPort3",330.5142777565351,"RCSBlock",0.0
3757.174404294782,43310.649749919074,1076.6555501497799,1.5375568866729736,-0.3217516243457794,-9.926010131835938,0.0006174977752380073,357.89776611328125,411.93437897851646,415.2841105146831,"dockingPort3",329.7338808412254,"RCSBlock",0.0
3758.194404294781,43892.51886072289,1087.3349355835308,1.546851396560669,-0.29650813341140747,-8.81041431427002,0.0005664252676069736,334.8415222167969,376.442151253684,416.34206076646745,"dockingPort3",330.16849819348374,"RCSBlock",0.0
3759.2144042947803,44473.59465362411,1098.166393213713,1.5535855293273926,-0.2742167115211487,-9.913331985473633,0.0005192834069021046,313.1199645996094,361.33844871511417,417.08906741168914,"dockingPort3",331.0204657056127,"RCSBlock",0.0
3760.2344042947793,45053.72897960176,1109.0976711335493,1.56182062625885,-0.25215640664100647,-9.638711929321289,0.00047586075379513204,292.6776123046875,337.51841081698774,418.0580651132682,"dockingPort3",331.5754986231311,"RCSBlock",0.0
3761.2544042947784,45632.922222087276,1120.1874010118333,1.570284366607666,-0.23070082068443298,-8.906944274902344,0.0004359279409982264,273.5055236816406,311.83882675015747,418.9040204730217,"dockingPort3",331.8576071453616,"RCSBlock",0.0
3762.2744042947775,46211.12838984653,1131.3723649123563,1.5781036615371704,-0.2093093991279602,-9.649589538574219,0.0003992534475401044,255.52288818359375,297.6948161849634,419.8187541869913,"dockingPort3",331.57636415961633,"RCSBlock",0.0
3763.2944042947765,46788.107111866935,1142.6613299138141,1.5860159397125244,-0.1881348192691803,-10.30532455444336,0.00036561195156536996,238.68516540527344,283.8193203311904,421.12205605513316,"dockingPort3",331.5936956519139,"RCSBlock",0.0
3764.3144042947756,47363.802846648614,1154.121939268545,1.5940309762954712,-0.16689452528953552,-10.062273979187012,0.00033475947566330433,222.94937133789062,265.4570358117276,422.3114102434418,"dockingPort3",331.7420901372936,"RCSBlock",0.0
3765.214404294775,47870.81101797812,1164.365379474913,1.6011061668395996,-0.1485317200422287,-9.590484619140625,0.0003096467989962548,209.9013214111328,248.92521826662568,423.688002944637,"dockingPort3",331.84231025474537,"RCSBlock",0.0
3766.234404294774,48444.452009115485,1176.1213543946137,1.6091763973236084,-0.12824887037277222,-9.1163911819458,0.0002833418839145452,195.96795654296875,231.44891439788833,425.41551025120066,"dockingPort3",331.9090939231348,"RCSBlock",0.0
3767.274404294773,49028.26303404174,1188.1746934802802,1.6173746585845947,-0.10849253833293915,-10.76354694366455,0.0002586236805655062,182.55715942382812,225.71123566533933,426.3660363645884,"dockingPort3",332.021179974587,"RCSBlock",0.0
3768.294404294772,49599.45719254308,1200.1550565880045,1.6255742311477661,-0.08901649713516235,-10.3626070022583,0.00023620662977918983,170.11273193359375,210.10308799975923,426.94936970439994,"dockingPort3",332.1918106872057,"RCSBlock",0.0
3769.314404294771,50169.41115478065,1212.290295320551,1.633815884590149,-0.07007621973752975,-9.814839363098145,0.00021550519159063697,158.35836791992188,194.87019382398296,427.78455809094106,"dockingPort3",332.3463039606994,"RCSBlock",0.0
3770.33440429477,50738.25483301631,1224.5828901306625,1.6421223878860474,-0.05158355459570885,-9.353099822998047,0.00019644144049379975,147.2921142578125,180.92582322659123,429.14366876126934,"dockingPort3",332.47518882877324,"RCSBlock",0.0
3771.354404294769,51306.11482630484,1237.032060536283,1.6504936218261719,-0.03354473039507866,-8.92468547821045,0.00017892530013341457,136.9000701904297,167.93567864204317,429.6016590767435,"dockingPort3",332.6645463627148,"RCSBlock",0.0
3772.3744042947683,51873.119860672625,1249.6353117939773,1.6589301824569702,-0.015962667763233185,-8.512430191040039,0.00016286650497931987,127.16522216796875,155.79129085667907,429.5444817350855,"dockingPort3",333.18096511036885,"RCSBlock",0.0
3773.3944042947674,52439.39816655812,1262.390157306475,1.6674329042434692,0.0012202664511278272,-8.092269897460938,0.00014817396004218608,118.06714630126953,144.39063417488563,429.6608510564973,"dockingPort3",333.9079516255831,"RCSBlock",0.0
3774.2544042947666,52916.380630293046,1273.2609450088282,1.6746515035629272,0.015479282476007938,-7.74849796295166,0.00013678013056050986,110.87352752685547,135.49538386993515,429.7546772247755,"dockingPort3",334.56454996878733,"RCSBlock",0.0
3775.2744042947656,53481.66519896558,1286.2909534531277,1.6832759380340576,0.03190235793590546,-7.348026275634766,0.00012436436372809112,102.8831787109375,125.59263180235752,429.7949636151172,"dockingPort3",335.3123301281983,"RCSBlock",0.0
3776.2944042947647,54046.60100614256,1299.4676231214985,1.6919704675674438,0.04790279269218445,-6.955831527709961,0.00011305051884846762,95.449462890625,116.3594416944768,429.71040913915937,"dockingPort3",335.9825967227224,"RCSBlock",0.0
3777.314404294764,54611.32298502128,1312.7846219051419,1.7005490064620972,0.0635504201054573,-6.402322769165039,0.00010274280793964863,88.53365325927734,107.5781760521698,429.4625215466838,"dockingPort3",336.55588999122466,"RCSBlock",0.0
3778.334404294763,55176.191458780435,1326.2927083148961,1.7096298933029175,0.07890637218952179,-4.963309288024902,9.333997877547517e-05,82.09495544433594,96.73498522468267,428.26061890928446,"dockingPort3",337.19412242920976,"RCSBlock",0.0
3779.334404294762,55730.48117133393,1339.6686326632841,1.7183889150619507,0.0935089960694313,-4.352897644042969,8.490082836942747e-05,76.18627166748047,88.96803417080318,427.2086971443434,"dockingPort3",338.09357235622343,"RCSBlock",0.0
3780.354404294761,56296.498168652644,1353.445340605302,1.7273781299591064,0.10800626128911972,-3.9933252334594727,7.698828267166391e-05,70.51411437988281,82.13075222587089,426.08772297116747,"dockingPort3",339.10044697542793,"RCSBlock",0.0
3781.35440429476,56852.178931539995,1367.0820110016998,1.7362698316574097,0.12185987085103989,-3.6841022968292236,6.981698970776051e-05,65.24095153808594,75.93015591713721,424.74042845120704,"dockingPort3",340.0356355011051,"RCSBlock",0.0
3782.374404294759,57419.892537479405,1381.1225783508241,1.745410442352295,0.13564004004001617,-3.3623602390289307,6.30896829534322e-05,60.171775817871094,70.39639072241455,423.950536026425,"mk1pod.v2",340.85469226839626,"RCSBlock",0.0
3783.3944042947583,57988.739737969125,1395.3002615963678,1.7546147108078003,-0.1693204939365387,-2.9109039306640625,5.672985935234465e-05,55.22262954711914,65.19918175682588,423.8024354483579,"mk1pod.v2",341.4767789313126,"RCSBlock",0.0
3784.4144042947573,58558.88573133631,1409.602664133869,1.7639230489730835,-0.25622883439064026,-2.7209243774414062,5.0811700930353254e-05,50.48090744018555,61.049301673525044,422.8098028767358,"mk1pod.v2",341.59525253946316,"RCSBlock",0.0
3785.4344042947564,59130.39857590466,1424.03077592906,1.7733007669448853,-0.24447424709796906,-2.6847598552703857,4.536653068498708e-05,45.99856948852539,57.279860102304305,421.34785278353934,"mk1pod.v2",341.79537406847743,"RCSBlock",0.0
3786.4544042947555,59703.35086660355,1438.584666502022,1.7827677726745605,-0.23083330690860748,-2.648927688598633,4.040092971990816e-05,41.805381774902344,53.75929295306124,419.45884874574693,"mk1pod.v2",341.91899010075076,"RCSBlock",0.0
3787.4744042947545,60277.820798873436,1453.2642684021691,1.7923284769058228,-0.226490780711174,-2.6075730323791504,3.5906916309613734e-05,37.91728973388672,50.43529235274866,417.17685518057414,"mk1pod.v2",341.864738014322,"RCSBlock",0.0
3788.3544042947537,60774.72175173636,1466.0300687920173,1.800654649734497,-0.22470223903656006,-2.570202350616455,3.239341822336428e-05,34.81068420410156,47.688487627926925,414.944066720051,"mk1pod.v2",341.6829133310813,"RCSBlock",0.0
3789.394404294753,61363.57041924028,1481.2378997077149,1.8105899095535278,-0.221628800034523,-2.5331029891967773,2.8647809813264757e-05,31.427587509155273,44.56300117857083,412.0391152747193,"mk1pod.v2",341.27512008113894,"RCSBlock",0.0
3790.414404294752,61942.86076441989,1496.2808845143686,1.8204365968704224,-0.2186497151851654,-2.4945836067199707,2.5365548935951665e-05,28.394912719726562,41.592193155817185,408.94944324447675,"mk1pod.v2",340.62958466392297,"RCSBlock",0.0
3791.434404294751,62523.98683020321,1511.451375482776,1.8300468921661377,-0.2158023715019226,-2.773442506790161,2.2411337340599857e-05,25.599184036254883,38.877704954013396,406.0183328825792,"mk1pod.v2",339.8630121152939,"RCSBlock",0.0
3792.45440429475,63106.63259388192,1526.652355875638,1.8369463682174683,-0.21297666430473328,-3.483351945877075,1.9540306311682798e-05,22.77997398376465,36.49349337614608,402.27256100560004,"mk1pod.v2",337.16006311173925,"RCSBlock",0.0
3793.494404294749,63701.418200178654,1541.993969048512,1.848451852798462,-0.21017323434352875,-8.08071231842041,1.6840818716445938e-05,20.021589279174805,37.65849668118724,397.1544089186293,"mk1pod.v2",334.6391864212382,"RCSBlock",0.0
3794.514404294748,64285.09231193154,1557.5471428351218,1.8590856790542603,-0.20742356777191162,-7.510098934173584,1.4277195987233426e-05,17.317903518676758,32.50805083708914,394.74114902914795,"mk1pod.v2",332.86888333576877,"RCSBlock",0.0
3795.534404294747,64869.24146584491,1572.819671193575,1.8646377325057983,-0.20479793846607208,-5.474435806274414,1.1856742275995202e-05,14.665377616882324,27.60781188803166,389.633398987319,"mk1pod.v2",331.6133580380801,"RCSBlock",0.0
3796.5544042947463,65454.06033849181,1588.618615487,1.881111979484558,-0.20219486951828003,-3.1437320709228516,9.594873517926317e-06,12.107335090637207,22.155916856341094,387.48772159790855,"mk1pod.v2",330.6222695998054,"RCSBlock",0.0
3797.5744042947454,66040.96416109777,1604.5973722763263,1.8926467895507812,-0.1977328658103943,-2.527914047241211,7.5056959758512676e-06,9.662580490112305,17.849003580747166,384.4728568497671,"mk1pod.v2",329.8201323260221,"RCSBlock",0.0
3798.4544042947446,66549.11402356974,1618.4294849161406,1.8987282514572144,-0.18592478334903717,-7.033437252044678,5.859174507349962e-06,7.673508644104004,16.31285490821766,381.7167313820626,"mk1pod.v2",329.2767772603848,"RCSBlock",0.0
3799.4744042947436,67138.81100832543,1634.3083562920153,1.911432147026062,-0.17166967689990997,-13.105245590209961,4.158241154073039e-06,5.553256034851074,14.051773978044157,375.87576551130127,"mk1pod.v2",328.6475506220739,"RCSBlock",0.0
3800.4944042947427,67727.628384843,1650.1853321492017,1.9238686561584473,-0.1573738008737564,-12.407806396484375,2.7095479708805215e-06,3.6892008781433105,9.973442240654993,370.2052590506142,"mk1pod.v2",327.83420791387005,"RCSBlock",0.0
3801.494404294742,68304.04632756859,1665.9444270910917,1.9348039627075195,-0.14369380474090576,-12.278806686401367,1.5601085578964557e-06,2.1649398803710938,6.455173376827566,364.54310751524594,"mk1pod.v2",326.90165980087914,"RCSBlock",0.0
3802.514404294741,68891.28149152442,1682.1428192409521,1.9446319341659546,-0.12994837760925293,-13.5487060546875,6.913863899171702e-07,0.9781749844551086,3.3070678315155155,358.3105492027687,"mk1pod.v2",325.89060645906613,"RCSBlock",0.0
3803.53440429474,69477.41893426573,1698.3397222819815,1.956128716468811,-0.11653611809015274,-15.328756332397461,1.608178052947551e-07,0.2319280505180359,0.8703371294005936,351.7009977711973,"mk1pod.v2",324.84947648486093,"RCSBlock",0.0
3804.554404294739,70062.01883559651,1714.6510917451387,1.9688316583633423,-0.10348782688379288,-14.494406700134277,0.0,0.0,1.891447413108909e-09,344.8069311631327,"longAntenna",323.78412623983894,"RCSBlock",0.0
3805.574404294738,70645.3049506722,1731.1497154801204,1.9803555011749268,-0.09068946540355682,-14.110617637634277,0.0,0.0,1.8124811656834454e-09,339.8854398984031,"longAntenna",322.70148802845586,"RCSBlock",0.0
3806.594404294737,71227.37825859908,1747.834657821751,1.9919344186782837,-0.07815270870923996,-13.844294548034668,0.0,0.0,1.6511990875925518e-09,335.60485646322473,"longAntenna",321.67156314184,"RCSBlock",0.0
3807.6144042947362,71808.04329417658,1764.3542667674008,2.001682758331299,-0.06579983979463577,-20.715404510498047,0.0,0.0,3.2470356012695934e-09,332.0596868559942,"longAntenna",320.7840858241774,"RCSBlock",0.0
3808.5144042947354,72317.45299422136,1778.28173079802,2.0135507583618164,-0.05524074286222458,-25.475793838500977,0.0,0.0,3.467949678216466e-09,329.49776158479324,"longAntenna",320.083686160112,"RCSBlock",0.0
3809.5344042947345,72889.52352902608,1793.463334807057,2.024562358856201,-0.04354877769947052,-29.235763549804688,0.0,0.0,2.2979599354461113e-09,328.80355327584584,"liquidEngine3.v2",319.40326653193114,"RCSBlock",0.0
3810.5544042947336,73454.6764826976,1808.2762266909726,2.035628318786621,-0.032078780233860016,-32.363121032714844,0.0,0.0,2.102270005217223e-09,328.58513543595444,"liquidEngine3.v2",318.79649874084896,"RCSBlock",0.0
3811.5744042947326,74011.7816460887,1822.853892127361,2.0495898723602295,-0.020887531340122223,-33.9904670715332,0.0,0.0,3.274093399063879e-09,328.32223021195324,"liquidEngine3.v2",318.2494693870776,"RCSBlock",0.0
3812.5744042947317,74549.19245334715,1836.5160454011805,2.0632829666137695,-0.010129045695066452,-34.45341873168945,0.0,0.0,1.6692412231788236e-09,327.9931858715574,"liquidEngine3.v2",317.7774874245088,"RCSBlock",0.0
3813.594404294731,75087.9387151394,1850.8524516798097,2.075998544692993,0.0006355743389576674,-34.170291900634766,0.0,0.0,1.7717399818888562e-09,327.6874174935456,"liquidEngine3.v2",317.3022372078409,"RCSBlock",0.0
3814.61440429473,75617.32169504277,1865.4689024135089,2.0888164043426514,0.011223928071558475,-33.707916259765625,0.0,0.0,1.8249296731275939e-09,327.6792303848075,"liquidEngine3.v2",316.89710247506355,"RCSBlock",0.0
3815.634404294729,76137.47196400329,1880.3681038016812,2.101792573928833,0.02159557305276394,-33.23533248901367,0.0,0.0,1.8466588915260876e-09,327.74776646209136,"liquidEngine3.v2",316.6128523126213,"RCSBlock",0.0
3816.654404294728,76648.51883544296,1895.5511785318768,2.1149308681488037,0.03171994537115097,-32.77128219604492,0.0,0.0,1.8598560010494738e-09,327.8329371757896,"liquidEngine3.v2",316.425264042842,"RCSBlock",0.0
3817.674404294727,77150.59361158428,1911.0170097104292,2.128234624862671,0.04165744408965111,-32.314353942871094,0.0,0.0,1.8695503145768267e-09,327.92071885079247,"liquidEngine3.v2",316.3134865515643,"RCSBlock",0.0
3818.5744042947263,77586.24850558618,1924.8969460659966,2.140118360519409,0.05024567246437073,-31.913257598876953,0.0,0.0,1.8763830450718116e-09,327.9982130348117,"liquidEngine3.v2",316.2591973271028,"RCSBlock",0.0
3819.5944042947253,78071.8071321185,1940.8273938552418,2.151261568069458,0.05987872928380966,-33.21202087402344,0.0,0.0,2.0912580814496293e-09,328.0868210192245,"liquidEngine3.v2",316.23244890950247,"RCSBlock",0.0
3820.6144042947244,78548.06030012574,1956.1806433843553,2.167515277862549,0.06929390132427216,-34.95389938354492,0.0,0.0,1.628815792780632e-09,328.1789778846801,"liquidEngine3.v2",316.24678182960014,"RCSBlock",0.0
3821.6344042947235,79014.12273047562,1971.6914355082351,2.181513786315918,0.07853945344686508,-34.56231689453125,0.0,0.0,1.7295311685248253e-09,328.2660833908489,"liquidEngine3.v2",316.3106969190393,"RCSBlock",0.0
3822.6544042947226,79470.1019181424,1987.4924050955308,2.1956710815429688,0.087565116584301,-34.1024169921875,0.0,0.0,1.7672323999175678e-09,328.35441863361956,"liquidEngine3.v2",316.3550846082103,"RCSBlock",0.0
3823.6744042947216,79916.12772638665,2003.588172432223,2.210012912750244,0.09641435742378235,-33.64654541015625,0.0,0.0,1.7842239745314974e-09,328.44598457186635,"liquidEngine3.v2",316.3837267336859,"RCSBlock",0.0
3824.6944042947207,80352.33114862395,2019.9791452465279,2.224543571472168,0.10506881773471832,-33.19790267944336,0.0,0.0,1.7960325464664129e-09,328.5410577645916,"liquidEngine3.v2",316.40474323945676,"RCSBlock",0.0
3825.69440429472,80770.56744609505,2036.3345777375175,2.238980770111084,0.11338940262794495,-32.762657165527344,0.0,0.0,1.806747473463195e-09,328.63762962819237,"liquidEngine3.v2",316.4226171446957,"RCSBlock",0.0
3826.714404294719,81187.71590834158,2053.3070950469514,2.2538914680480957,0.12167252600193024,-32.32198715209961,0.0,0.0,1.8174082498935345e-09,328.73950729439855,"liquidEngine3.v2",316.4406166223829,"RCSBlock",0.0
3827.734404294718,81595.44843433367,2070.57125436079,2.269007444381714,0.1297767162322998,-31.88451385498047,0.0,0.0,1.8248381166934274e-09,328.8447762382632,"liquidEngine3.v2",316.45967578513194,"RCSBlock",0.0
3828.634404294717,81947.50608096144,2086.045582178485,2.2825140953063965,0.13676311075687408,-31.50120735168457,0.0,0.0,1.8309482532414206e-09,328.94049860977896,"liquidEngine3.v2",316.47780818296945,"RCSBlock",0.0
3829.674404294716,82345.45838427253,2104.207682457816,2.2983238697052,0.14464247226715088,-31.061521530151367,0.0,0.0,1.8363418586806412e-09,329.0544842566056,"liquidEngine3.v2",316.50053075073185,"RCSBlock",0.0
3830.6944042947152,82726.67983936635,2122.311737028778,2.3140437602996826,0.1522243320941925,-30.633779525756836,0.0,0.0,1.8408968896554777e-09,329.1698833947071,"liquidEngine3.v2",316.52481415602466,"RCSBlock",0.0
3831.7144042947143,83099.05558061553,2140.7032359692516,2.3299801349639893,0.15964005887508392,-30.209592819213867,0.0,0.0,1.8422018042431856e-09,329.28897872483105,"liquidEngine3.v2",316.55114883465825,"RCSBlock",0.0
3832.7344042947134,83462.73922730633,2159.3812913556712,2.3461380004882812,0.16687698662281036,-29.789039611816406,0.0,0.0,1.8441555729126585e-09,329.41192106852,"liquidEngine3.v2",316.57933642616524,"RCSBlock",0.0
3833.7544042947125,83817.88760735386,2178.3450935520214,2.3625214099884033,0.17393328249454498,-29.37220573425293,0.0,0.0,1.8451881280262206e-09,329.5388796405985,"liquidEngine3.v2",316.60914514709503,"RCSBlock",0.0
3834.7744042947115,84164.66084115417,2197.593920276337,2.3791353702545166,0.1808498650789261,-28.959171295166016,0.0,0.0,1.8448265179677477e-09,329.67005012452046,"liquidEngine3.v2",316.64038580043075,"RCSBlock",0.0
3835.7744042947106,84496.66183795419,2216.7413976073144,2.3956518173217773,0.18744878470897675,-28.5579833984375,0.0,0.0,1.8428335409842496e-09,329.8029448224624,"liquidEngine3.v2",316.67208290841165,"RCSBlock",0.0
3836.7944042947097,84827.33484990557,2236.552882464256,2.412736654281616,0.19399882853031158,-28.152658462524414,0.0,0.0,1.8405576843519898e-09,329.94294662871994,"liquidEngine3.v2",316.70620426459413,"RCSBlock",0.0
3837.8144042947088,85150.13031575829,2256.6477490471248,2.430067300796509,0.20037375390529633,-27.751296997070312,0.0,0.0,1.8384530835955577e-09,330.0874677849916,"liquidEngine3.v2",316.7434779879077,"RCSBlock",0.0
3838.834404294708,85465.58524446108,2273.7334874005983,1.7245053052902222,0.2068983018398285,-27.393545150756836,0.0,0.0,1.2697104794154788e-09,330.22932837666895,"liquidEngine3.v2",316.78453471020526,"RCSBlock",0.0
3839.854404294707,85777.03932533145,2280.258411969718,0.47886356711387634,0.21432796120643616,-27.166555404663086,0.0,0.0,5.296662625514927e-10,330.3046007050035,"liquidEngine3.v2",316.8303014550447,"RCSBlock",0.0
3840.754404294706,86051.90478414088,2279.5512162210657,0.0004600222746375948,0.2213861495256424,-27.043842315673828,0.0,0.0,3.8442217634681457e-10,330.27602486979345,"liquidEngine3.v2",316.87409714658645,"RCSBlock",0.0
3841.774404294705,86364.70489676669,2278.5298382883734,0.0004582610272336751,0.22948703169822693,-26.907245635986328,0.0,0.0,3.855270768103697e-10,330.1730865545613,"liquidEngine3.v2",316.9246250331127,"RCSBlock",0.0
3842.7944042947042,86678.8621136886,2277.504516218183,0.00045753316953778267,0.2375667691230774,-26.770549774169922,0.0,0.0,3.8699076006432167e-10,330.0376831267277,"liquidEngine3.v2",316.9736823384381,"RCSBlock",0.0
3843.8144042947033,86994.37100808648,2276.475273239252,0.00045679634786210954,0.24562855064868927,-26.63374900817871,0.0,0.0,3.8938503397699125e-10,329.88787947103293,"liquidEngine3.v2",317.02002516734666,"RCSBlock",0.0
3844.8344042947024,87311.22614307492,2275.4421329922757,0.0004560781817417592,0.25364065170288086,-26.496850967407227,0.0,0.0,3.9008147992288096e-10,329.7316704772101,"liquidEngine3.v2",317.0633710830456,"RCSBlock",0.0
3845.8544042947015,87629.42207204876,2274.4051186005267,0.0004553333856165409,0.26177284121513367,-26.3598575592041,0.0,0.0,3.929012201697049e-10,329.5730997336543,"liquidEngine3.v2",317.1039473169002,"RCSBlock",0.0
3846.8744042947005,87948.95333879616,2273.3642537247156,0.00045459045213647187,0.2697722911834717,-26.222763061523438,0.0,0.0,3.927603349524281e-10,329.41443619426224,"liquidEngine3.v2",317.1421818630798,"RCSBlock",0.0
3847.8944042946996,88269.81447740737,2272.3195615415225,0.00045385395060293376,0.277813583612442,-26.08557891845703,0.0,0.0,3.952123374715049e-10,329.2570339435437,"liquidEngine3.v2",317.17853429977646,"RCSBlock",0.0
3848.9144042946987,88592.00001300767,2271.271065627234,0.0004531167505774647,0.28583455085754395,-25.948307037353516,0.0,0.0,3.962354528373975e-10,329.10172134737655,"liquidEngine3.v2",317.213418010608,"RCSBlock",0.0
3849.9344042946977,88915.50446175132,2270.2187893814526,0.00045237242011353374,0.29390817880630493,-25.81093978881836,0.0,0.0,3.967383395152134e-10,328.9490035116834,"liquidEngine3.v2",317.24717428301204,"RCSBlock",0.0
3850.894404294697,89221.17913855554,2269.2249794243944,0.0004516599583439529,0.3014613091945648,-25.681560516357422,0.0,0.0,3.9721267146978013e-10,328.80790850435744,"liquidEngine3.v2",317.27815452425074,"RCSBlock",0.0
3851.934404294696,89553.62701429042,2268.144642356388,0.0004508814890868962,0.30960342288017273,-25.541322708129883,0.0,0.0,4.004337120804946e-10,328.6581087561953,"liquidEngine3.v2",317.3110374766154,"RCSBlock",0.0
3852.954404294695,89881.0042336369,2267.081310841175,0.0004501549410633743,0.31766319274902344,-25.403684616088867,0.0,0.0,4.0074472505700284e-10,328.5143517413008,"liquidEngine3.v2",317.3427326325521,"RCSBlock",0.0
3853.974404294694,90209.67856265756,2266.0142917822855,0.00044939175131730735,0.3256590962409973,-25.265968322753906,0.0,0.0,4.0112863304012454e-10,328.37374576328205,"liquidEngine3.v2",317.3739843307939,"RCSBlock",0.0
3854.994404294693,90539.6444763256,2264.9436085895786,0.00044864483061246574,0.33361920714378357,-23.66229820251465,0.0,0.0,7.387091165284084e-10,328.23613590493653,"liquidEngine3.v2",317.4048695119368,"RCSBlock",0.0
3856.014404294692,90870.89644215885,2263.869285265906,0.00044794066343456507,0.34167030453681946,25.44707489013672,0.0,0.0,8.337183969270268e-10,328.1020103161168,"liquidEngine3.v2",317.4326015605144,"RCSBlock",0.0
3857.0344042946913,91203.42892011534,2262.7913460230634,0.00044719543075188994,0.35010889172554016,42.20988464355469,0.0,0.0,7.461591054800118e-09,327.92136276625814,"liquidEngine3.v2",317.452767674396,"RCSBlock",0.0
3858.0544042946904,91537.23636214552,2261.7098101564884,0.00044634545338340104,0.35800033807754517,-7.945837497711182,0.0,0.0,1.5089299284976102e-09,327.58220033559934,"liquidEngine3.v2",317.49712562346923,"RCSBlock",0.0
3859.0744042946894,91872.31321492465,2260.624705019107,0.0004456219030544162,0.3660244941711426,-9.138840675354004,0.0,0.0,6.985876949379211e-10,327.33243683910206,"liquidEngine3.v2",317.52872649505633,"RCSBlock",0.0
3860.0944042946885,92208.65391793882,2259.536052719985,0.00044484110549092293,0.37401440739631653,-10.871569633483887,0.0,0.0,6.418824028053891e-10,327.1461648779814,"liquidEngine3.v2",317.5575897506442,"RCSBlock",0.0
3861.1144042946876,92546.25290366367,2258.443876981005,0.0004440799239091575,0.38198122382164,-10.380228996276855,0.0,0.0,6.976426191196444e-10,326.9893749697428,"liquidEngine3.v2",317.58501968219537,"RCSBlock",0.0
3862.0144042946868,92845.16764932638,2257.477307661018,0.0004434422589838505,-0.4476358890533447,-0.8587716221809387,0.0,0.0,2.5684445352554435e-11,326.8662936059871,"liquidEngine3.v2",317.6083982633304,"RCSBlock",0.0
3863.034404294686,93184.87774558389,2246.7404090037558,2.457265615463257,-0.10083901137113571,0.4842953085899353,0.0,0.0,7.537585087273835e-10,326.78405118815783,"liquidEngine3.v2",317.6336845736781,"RCSBlock",0.0
3864.054404294685,93522.94774285855,2220.929163935018,2.4754228591918945,-0.13299746811389923,0.7230319380760193,0.0,0.0,5.895180081500779e-10,327.0595146570402,"liquidEngine3.v2",317.65961294049777,"RCSBlock",0.0
3865.054404294684,93852.0018551693,2195.443884135398,2.4933271408081055,-0.14730019867420197,0.7351414561271667,0.0,0.0,5.620037909525503e-10,327.5081781784146,"liquidEngine3.v2",317.68928718355124,"RCSBlock",0.0
3866.074404294683,94184.98582745006,2169.263218967107,2.511855125427246,-0.1521621197462082,0.7272356152534485,0.0,0.0,5.635903002900143e-10,328.0231017487316,"liquidEngine3.v2",317.7281780083054,"RCSBlock",0.0
3867.094404294682,94515.07696833485,2142.8927600816164,2.530660390853882,-0.154306098818779,0.7339707016944885,0.0,0.0,5.68413456023188e-10,328.54820027344715,"liquidEngine3.v2",317.77770601244123,"RCSBlock",0.0
3868.114404294681,94842.06100882136,2116.330184725188,2.549748659133911,-0.15618470311164856,0.7422860264778137,0.0,0.0,5.747580177586409e-10,329.0639960319073,"liquidEngine3.v2",317.8377104395471,"RCSBlock",0.0
3869.1344042946803,95165.72720711364,2089.5731871932403,2.569127321243286,-0.15806825459003448,0.7531287670135498,0.0,0.0,5.818214694498638e-10,329.5624916452664,"liquidEngine3.v2",317.90694901589364,"RCSBlock",0.0
3870.1544042946794,95485.86758611968,2062.6193552667064,2.5888023376464844,-0.1601845920085907,0.7635354399681091,0.0,0.0,5.876820898850618e-10,330.040878562968,"liquidEngine3.v2",317.98387999410073,"RCSBlock",0.0
3871.1744042946784,95802.27648661961,2035.4662310167914,2.6087806224823,-0.1621929407119751,0.77523273229599,0.0,0.0,5.949024913536237e-10,330.498995167497,"liquidEngine3.v2",318.06708905521816,"RCSBlock",0.0
3872.1944042946775,96114.75088644167,2008.111292925354,2.6290695667266846,-0.16439037024974823,0.7859345078468323,0.0,0.0,6.018050942410202e-10,330.93815970642913,"liquidEngine3.v2",318.1554713953103,"RCSBlock",0.0
3873.0744042946767,96381.01412692282,1984.346829604896,2.6468286514282227,-0.1663423478603363,0.7925856709480286,0.0,0.0,6.098577185263112e-10,331.3034927897004,"liquidEngine3.v2",318.235300331721,"RCSBlock",0.0
3874.0944042946758,96685.62744834495,1956.609031062131,2.667715549468994,-0.16840249300003052,0.8035818338394165,0.0,0.0,6.150728975060321e-10,331.7136823407322,"liquidEngine3.v2",318.3316112859404,"RCSBlock",0.0
3875.114404294675,96985.74061564158,1928.6618531269842,2.688934803009033,-0.17076769471168518,0.81409752368927,0.0,0.0,6.234031601281094e-10,332.1126490209198,"liquidEngine3.v2",318.43190526264215,"RCSBlock",0.0
3875.814404294674,97188.98742931522,1909.359854134883,2.703687906265259,-0.17235538363456726,0.8230810165405273,0.0,0.0,6.275542068440111e-10,332.3817737959512,"liquidEngine3.v2",318.5031556116922,"RCSBlock",0.0
3876.8144042946733,97475.45834120922,1886.786317991111,1.4054362773895264,-0.17410199344158173,0.8288259506225586,0.0,0.0,7.334055766953922e-10,332.75834728473745,"liquidEngine3.v2",318.60870845444094,"RCSBlock",0.0
3877.7944042946724,97753.98091762234,1885.7235091576579,0.00036128118517808616,-0.17420075833797455,0.8265706300735474,0.0,0.0,2.3640710947058824e-10,317.28173441624193,"longAntenna",317.28173441624193,"longAntenna",0.0
3878.8544042946714,98053.78601952479,1883.7750223373762,0.0003450414224062115,-0.17405544221401215,0.8262214064598083,0.0,0.0,4.5263726945078044e-10,317.1261666770485,"longAntenna",317.1261666770485,"longAntenna",0.0
3879.8544042946705,98335.56437018572,1882.699881092406,0.00036103001912124455,-0.17394627630710602,0.8221615552902222,0.0,0.0,2.2632372226234593e-10,316.9902664739794,"longAntenna",316.9902664739794,"longAntenna",0.0
3880.8744042946696,98621.8122081093,1881.6079607589818,0.0003450800140853971,-0.17376826703548431,0.8220665454864502,0.0,0.0,4.5243597972126704e-10,316.86927383920033,"longAntenna",316.86927383920033,"longAntenna",0.0
3881.8944042946687,98906.88032655872,1880.5208145187955,0.00035795316216535866,-0.17368759214878082,0.8182036280632019,0.0,0.0,2.2693972332548916e-10,316.76602276917305,"longAntenna",316.76602276917305,"longAntenna",0.0
3882.9144042946677,99190.7658837008,1879.43844748861,0.00034284000867046416,-0.17351160943508148,0.8173750638961792,0.0,0.0,4.5109136678429276e-10,316.67852003427345,"longAntenna",316.67852003427345,"longAntenna",0.0
3883.934404294667,99473.45145503525,1878.3608993184598,0.0003458618593867868,-0.17334064841270447,0.8126181960105896,0.0,0.0,4.51801099814577e-10,316.6044226869443,"longAntenna",316.6044226869443,"longAntenna",0.0
